Template: MS_SettingsTemplate_Aerie
DangerType: Blizzard
RainIntensity: 0.9021739
WaveSpeed: 0.5151472
WaveLength: 0.9146935
WaveAmplitude: 0.01798092
SecondWaveLength: 0.1666667
SecondWaveAmplitude: 0
Clouds: 1
EffectColorA: 11
Effects: Contrast-0-20-20, Darkness-0.05434782-32-77, 
PlacedObjects: SnowSource><780.6465><30.38611><Radial~-718~585~-237.0001~406.6025~0.4673913~0.2717391, 
FadePalette: 40, 0.1521739
