GATE_MS_RL: -136.9><-52.6><-105.45><-70.95><1><><48><35
RL_postgate: 26.09999><-64.6><20.55><-69.95><1><><48><35
RL_Z01: 222.1><-34.6><153.55><-75.95><1><Frostveiled Relics><69><38
RL_S01: 25.59999><54.4><20.8><88.8><1><><48><35
OffScreenDen_RL: -136.9><97.4><-89.45><128.05><1><><0><0
Connection: GATE_MS_RL,RL_postgate,44,11,8,15,0,2
Connection: RL_postgate,RL_S01,24,29,24,3,1,3
Connection: RL_postgate,RL_Z01,43,16,2,7,0,2
