DangerType: FloodAndRain
Clouds: 0
Grime: 0.2680027
RandomItemDensity: 0.3453349
RandomItemSpearChance: 0.107201
WaterReflectionAlpha: 0
Effects: Darkness-0.5026607-271.1448-207.1135, 
FadePalette: 27, 0.603193, 0.6031929
