WaveAmplitude: 0.1542796
SecondWaveAmplitude: 0.3478261
Effects: BorderPushBack-0-274.7021-200.7104, Darkness-0.04639966-2.924988-69.09062, LightRain-0.5-326-270, 
FadePalette: 35, 0.5010303, 0.5010303
