Template: NONE
WaveSpeed: 0.6086956
WaveAmplitude: 0.25
SecondWaveAmplitude: 0
Clouds: 0.5108696
Grime: 0.5234604
Palette: 13
EffectColorA: 6
EffectColorB: 6
Effects: Fog-0.5-20-20, Darkness-0.06521739-28-67, BorderPushBack-0.1029444-197-132, 
PlacedObjects: InsectGroup><274.1682><325.6055><33.43852~158.3396~0~0~TinyDragonFly~0.2989363, 
FadePalette: 5, 0.1413043, 0.1413043, 0.1413043
