WaveSpeed: 0.501405
WaveLength: 0.7492975
WaveAmplitude: 0.05000002
SecondWaveLength: 0.5144925
SecondWaveAmplitude: 0.3478261
Effects: LightRain-0.5-281-231, 
FadePalette: 35, 0.4565217, 0.4565217
