DangerType: None
WaveSpeed: 0.5
WaveLength: 0.75
WaveAmplitude: 0.06592433
SecondWaveLength: 0.5144925
SecondWaveAmplitude: 0.3478261
Clouds: 0
Grime: 0.1056044
WaterReflectionAlpha: 0
EffectColorA: 6
EffectColorB: 6
Effects: Darkness-0.5026608-327.35-283.951, 
PlacedObjects: LightSource><609.7297><315.8036><0.1880095~Environment~-184.9791~52.33228~50~86.60254~0~0~None~0~0, 
FadePalette: 26, 0.4200068
